start,end,N,SS,TajD,ZngE,FayH,bsfs,FerL,FulD,btree,Colless,path,iColless,ibtree
0,100001.0,250,592,0.11356362373657534,0.5133992263158206,-0.0657087268704513,-0.1795729269234743,-0.5686435628462816,-0.0334008082348324,-0.1833489989593307,0.04144116357520542,9120000,0.048236522774743565,-0.627411048923355
0,100001.0,250,526,-0.3246780712874958,-0.4463352237998609,0.023937869954940256,-0.06207791430429599,0.3668437103570675,0.3175290364226974,0.1234686144106027,0.03514231657814056,9120001,0.04028143411544331,-0.1594712916372015
0,100001.0,250,602,-0.28669367992415423,-0.3673088224895764,0.016757675772576898,-0.08897273572033634,0.29071217653636505,0.7694211884865649,-0.1963117249169987,0.03774903762515495,9120002,0.046244488521382535,-0.5746040588042414
0,100001.0,250,563,-0.4757080268181495,0.19703150950952025,-0.10172122875281264,-0.6831670702355744,-0.511640740571162,-0.17866889018788698,-0.3093265403184547,0.041644656773390736,9120003,0.04863019440189601,-0.6014510210896645
0,100001.0,250,710,-0.14271137805219072,-0.009775472062517374,-0.019413958261071947,-0.07786260676899172,-0.06866592699194833,-0.4130246020710514,0.24847711577208614,0.03296598092753738,9120004,0.04379831396817749,-0.29761718326949393
0,100001.0,250,666,-0.3931249969827771,0.034069644312058736,-0.06328127268426569,-0.4560308138963284,-0.2642721261232106,-0.5485080917141802,-0.17362453725832555,0.03921973755022645,9120005,0.04550575574186147,-0.5098500594671704
0,100001.0,250,640,0.3850910244151424,0.3184165538101728,0.005588139044120466,0.6002937465113817,-0.1747563705733338,-0.44375751424005977,-0.049071354762269634,0.037737007130710966,9120006,0.03895790032500266,-0.1777060697594318
0,100001.0,250,651,-0.1707100374518757,-0.041591493432631424,-0.018443116060177414,0.09459034134970358,-0.0452517407410475,-0.4890889432678121,0.2805118616407485,0.031095758128849214,9120007,0.04219694025368336,-0.3252130646934208
0,100001.0,250,510,-0.5996885660585652,0.3749908507654419,-0.14875093543758305,-0.9036051470220294,-0.8009195207969951,0.3879084097546853,-0.019804012202402053,0.039508904102763386,9120008,0.048506012494851834,-0.5938169880465104
0,100001.0,250,573,-0.7095271662159945,-0.2902751338911076,-0.057859125886925274,-0.8075380315871273,-0.043099642066339656,0.4676374044151042,-0.0849708878738064,0.04015086739921564,9120009,0.04429716602686925,-0.3905994170049384
0,100001.0,250,507,-0.7545910668303245,-0.3439201011666842,-0.055901223053443215,-0.9329159696827144,-0.00211531637734088,0.9337373008336878,-0.2721344636064635,0.038822814713422485,9120010,0.0479054251514686,-0.7488333857960865
0,100001.0,250,585,-0.9084007774978148,-0.4160850864037741,-0.06693255264323618,-0.7245693720133224,-0.00045195183211211583,0.2964633428772097,-0.2973468874943383,0.04440355232648833,9120011,0.047755330669244415,-0.4376777965810595
0,100001.0,250,618,0.052298168743771335,0.14942930414361494,-0.016280351270198966,0.01628192656410341,-0.15462049788147014,-0.2866469279269219,0.03692751757717045,0.03741557628362914,9120012,0.042965156716250466,-0.31117061081100417
0,100001.0,250,664,-0.009634132868281995,-0.28758235778632946,0.04468362584366768,0.3677269647000258,0.348996068547161,-0.13892486984098842,0.3228783746234747,0.033976675404431715,9120013,0.04165502736753463,-0.20060083880905635
0,100001.0,250,723,0.1684410196211804,0.3032028165380579,-0.023795133537296183,0.026451782093220848,-0.2783993514377212,-0.09261128968994634,0.2736282928861037,0.033719154941907886,9120014,0.041507908197822935,-0.21375500052632768
0,100001.0,250,629,-0.09803966559641797,-0.04905984330391544,-0.006555896247172104,-0.021368556717530976,0.005048618951993943,-0.21513419648927726,0.14747752721429647,0.03444096838754996,9120015,0.044609891177613686,-0.4394856959716276
0,100001.0,250,617,-0.4824486685280846,-0.4886039124201934,0.007400485364455306,-0.25874255160094195,0.3295416773369509,0.02666184414105267,-0.0761251727097121,0.037681216144642385,9120016,0.04914679395829805,-0.6119303881863348
0,100001.0,250,662,0.40788414132431416,0.3875242463847843,-0.0021306099884263797,0.2374974028673081,-0.2470013660546378,-0.18747858808073775,0.2841965620974507,0.03150017006530414,9120017,0.03560816938197429,0.04090638474156588
0,100001.0,250,521,-0.5819275382812257,0.08897557169552757,-0.10008401655355613,-0.7712004672617127,-0.4383317765819765,0.20443581386414286,-0.1944754446331501,0.04215234705818745,9120018,0.0526276826929352,-0.7997515519534241
0,100001.0,250,637,0.16188230362631548,-0.08916675113708716,0.03811911650041902,0.4392014867646528,0.2014151615112529,0.6156812532402698,0.32850802777946997,0.031979840533553364,9120019,0.041747982095710776,-0.3500407824543712
0,100001.0,250,551,-0.1324915430262374,0.1981817614525673,-0.05136997561769385,-0.3161824323756069,-0.31914380449221114,-0.6326582194439133,0.06752356780384297,0.036174645320302436,9120020,0.0466317887293785,-0.5593370701343658
0,100001.0,250,689,0.3925960471880043,0.3936200746633434,-0.005342326934620579,0.2699767165178188,-0.2631062978898765,-0.1366266972944731,0.03191128692670291,0.03673718413321988,9120021,0.042904210624427334,-0.35786852912938405
0,100001.0,250,660,0.3474916365369526,0.23735746052385726,0.013059575229364469,0.4001260140089472,-0.09607099104843846,-0.0053343036906449036,0.4198409478915924,0.029893219680251895,9120022,0.03644642504922332,-0.0060523879881133925
0,100001.0,250,565,-0.5987305949045613,-0.5116827946694017,-0.005972830414911689,-0.5147762086431837,0.2924526445953077,0.21518147387006406,0.1095022979810282,0.03461429710274642,9120023,0.04256635535298574,-0.2741447609620216
0,100001.0,250,589,0.16820660935500584,0.19640423808220425,-0.006771193179404235,0.18328174950451173,-0.1470359187901804,-0.43792377099445057,0.2636575283526937,0.033712603472845784,9120024,0.04276990660589571,-0.3888301401714207
0,100001.0,250,608,0.10695834924231133,-0.23242721261229166,0.053045425916897516,0.35925401437898474,0.3469375708489981,0.1672381801218329,0.106589806376418,0.03441950559671818,9120025,0.03942230886630879,-0.16616636130193893
0,100001.0,250,604,0.1808780268395214,-0.0433554648394265,0.033582920599722475,0.5921728648756917,0.155667254487771,0.09441961874423677,0.1210677727226211,0.034814801728909765,9120026,0.04025727447070143,-0.29940387888801323
0,100001.0,250,809,-0.02833578952204245,0.38384631178447937,-0.06555344378986823,-0.17890132147782362,-0.4890556073160106,-0.6275920071095119,0.10774030077671416,0.03711486526368885,9120027,0.04155162585827178,-0.2485916585087335
0,100001.0,250,679,-0.5731991509400725,0.04505296539169718,-0.09151266953398596,-0.828080981773777,-0.37965252425942203,0.7775995625108721,-0.10934702809774917,0.037459736078038285,9120028,0.045342095243914096,-0.4540191536727578
0,100001.0,250,680,-0.045778002276917314,-0.20208297243050416,0.02565314747693029,0.34072459484645784,0.22317519215889065,-0.6296472951807828,0.15576966288289168,0.03461119226628428,9120029,0.04045781868623193,-0.162776972683896
0,100001.0,250,638,-0.3646916265241992,-0.14841567347175408,-0.02985211109717565,-0.2960303841725141,-0.023239093601750197,-0.2860377063949046,-0.15646872686427618,0.03919851782269193,9120030,0.04683612659988208,-0.5631655479261485
0,100001.0,250,559,-0.30324360650094834,-0.4091929883162817,0.021086297353238904,-0.03930011712272327,0.33307966601747785,-0.2257081446624132,-0.005372855876046965,0.03921218372248297,9120031,0.04472340156870847,-0.3942046301523092
0,100001.0,250,493,-0.2944690181356455,-0.7940565241924393,0.08442570274773514,0.38388168092046404,0.8126792758535248,0.855685692573117,0.4190590193794032,0.03160208257673743,9120032,0.04168620371182962,-0.27986173421441185
0,100001.0,250,700,0.4647996443449179,0.6056356938719655,-0.02868597497174788,0.2864220050269485,-0.483549581342352,-0.9461737164719172,-0.035846697455346195,0.037630857800508635,9120033,0.04466805461430747,-0.4387496895624483
0,100001.0,250,633,0.2657838779847669,-0.08370715146111217,0.0525335028219948,0.3693193516803505,0.2534191967239062,-0.4441922948283956,0.1129347873012564,0.03439220432657733,9120034,0.043163622230858935,-0.34258699926774056
0,100001.0,250,562,-0.13908780469943655,-0.4948699226226895,0.05902717209675401,0.1804387260565236,0.5314281034334789,1.5876672040390325,-0.04740932163210555,0.03696506455931252,9120035,0.04315527806682852,-0.4278098117334323
0,100001.0,250,614,-0.44224058298370894,-0.012283240923578784,-0.06311490329002731,-0.4908654377129603,-0.2348225936673504,-0.5473470543462752,0.016354985822889072,0.037581871037792015,9120036,0.04827083354094626,-0.6669579016381842
0,100001.0,250,647,-0.27939261087427675,-0.17093456892069056,-0.013691031736856152,-0.11610631562346715,0.05272499219698952,0.1456634944031157,0.1033085034490368,0.034883146929967135,9120037,0.040950069035846685,-0.2456918496102508
0,100001.0,250,624,-0.0209595864970012,-0.4559468014151977,0.07006551472072528,0.4289421705441453,0.5501317708444726,0.23555537047804545,0.19981295057125895,0.03416292246208687,9120038,0.04057492692869113,-0.2211535275274585
0,100001.0,250,557,0.007539532206167343,-0.4494290746328149,0.07333200097469701,0.3631329251415909,0.5582602431792104,0.05804019928341976,0.5335467279943176,0.029965145943575792,9120039,0.03761950293843999,-0.08427487674172185
0,100001.0,250,543,-0.35250063544036403,-0.5011643184761827,0.028631491800088643,-0.1010692239766563,0.4186680509818716,0.4903626870891567,0.08806400850271348,0.037345452432323234,9120040,0.04052510573121399,-0.1558143888643805
0,100001.0,250,539,-0.35114106630164765,-0.48777510037518,0.02668478926356041,-0.33629948892236305,0.4029429039837897,0.7995164754717461,-0.033930619090546836,0.03762420428510326,9120041,0.04696138074351385,-0.563631544542515
0,100001.0,250,677,0.12400883803575816,0.20782716339703336,-0.015070711190218956,0.06135467332010981,-0.18601956427873886,-0.1399610766533816,0.060394843690394426,0.03630281814836083,9120042,0.04037376887566,-0.12511039192099851
0,100001.0,250,680,0.6262987984628553,0.7115905741707558,-0.0219365360617311,0.060914312178828464,-0.5228602622000514,-0.4894956462419473,0.3508353832491745,0.032969722579427915,9120043,0.038513868558345515,-0.0429068531250687
0,100001.0,250,708,0.32658662749626993,0.0019723740398951053,0.04769588974895619,0.7448712890504373,0.18227525902268898,-0.18992316868981615,0.23123587793894995,0.03218167506856165,9120044,0.039482875886192134,-0.1586903760678281
0,100001.0,250,532,-0.4629084184738954,-0.2409261341006459,-0.02947155318152192,-0.4125405330977199,0.03553766389000853,0.24304796449312985,-0.12533902182447373,0.0395154589436724,9120045,0.046360127624901146,-0.6565248111739799
0,100001.0,250,588,-0.12225586680399925,0.5686264149414711,-0.1093025172695744,-0.5737122397989411,-0.7699857548990215,0.14951291307217426,-0.25931966204583085,0.04048756266881739,9120046,0.04565574124454809,-0.5155290803018445
0,100001.0,250,586,-0.07606229363231867,-0.355062451251188,0.04581562268013458,0.13155050778330402,0.3946749310737203,-0.13174983878929525,0.24053913252145184,0.033541501118507316,9120047,0.044986063308772174,-0.4678714326681924
0,100001.0,250,546,0.2234952137920574,0.25937384204662023,-0.008766496318196102,0.2862774506058419,-0.19347868904660326,0.12203938998210108,-0.08528573798745684,0.0384416266395303,9120048,0.04561207526085599,-0.5149771002260661
0,100001.0,250,521,0.10072593596544853,-0.02279725747407284,0.01851338198068924,0.03558297481396963,0.08498894428217406,-0.05112641070130017,0.1756370127612079,0.03306709927079349,9120049,0.03997264549484554,-0.2126935183147992
0,100001.0,250,689,0.00016165238736656732,0.027669007773547017,-0.004409635125513261,0.026894960451090192,-0.03400949070273645,0.029373187706102363,0.3858316186864251,0.031089252646258638,9120050,0.03798690237995845,-0.009502469326378354
0,100001.0,250,602,-0.10490617319600304,-0.22179373630990926,0.02015911951400915,0.03794824391566939,0.21409169212806367,-0.4959493835025695,0.245924045788876,0.034104383483755815,9120051,0.04145741727187053,-0.29675158594844353
0,100001.0,250,632,0.014097854235084173,-0.09673964158336183,0.01759209563228097,0.19750437851624286,0.12720507274067155,-0.6509543497370839,0.3805222126109742,0.031227540434691625,9120052,0.039720400299456456,-0.1442288226589918
0,100001.0,250,641,-0.17193114365427276,-0.3401787479155594,0.02926214209371163,0.041409357133267655,0.3220822003952251,-0.18043133398765973,0.25286486994095425,0.03465474802435549,9120053,0.04441495328284027,-0.42443254470642827
0,100001.0,250,607,0.016694566119386415,0.06843373137839556,-0.008526093053817883,-0.053874709741674964,-0.07491469183631408,0.486411283471891,0.118899134246341,0.033891227228750286,9120054,0.041865776890553416,-0.3691908487596134
0,100001.0,250,582,0.031777892992039716,0.14353078850471312,-0.01837084415410554,-0.06088370518151263,-0.15896316341250266,0.6411930237109645,0.017868778467624576,0.03603144349381618,9120055,0.04357490763594828,-0.37846986491662216
0,100001.0,250,705,0.21312181809016567,0.2501205836652052,-0.008733431740454305,0.2581677984484628,-0.18772574473807693,-0.7453281796302863,0.4279464962023325,0.03187692790982611,9120056,0.03828421075072032,-0.022994511845321232
0,100001.0,250,603,-0.4081184293699581,-0.4384523499532871,0.01030299823467808,-0.17363761565722785,0.3097753347098784,0.352409479290588,0.2326842045873898,0.03385880491098764,9120057,0.042295746514696066,-0.3226441105147864
0,100001.0,250,620,-0.22473069317797387,-0.03422099070691728,-0.027580974348390838,-0.21164907915020625,-0.08484814488452355,0.1957621480089906,-0.08344611275389002,0.0398325169816764,9120058,0.04157125021274219,-0.3507328658592009
0,100001.0,250,623,-0.5086399276336985,0.15623345622333185,-0.09991507716230916,-0.8638675885553603,-0.4800783904358389,0.05748740384826255,-0.28262240502746955,0.04205520636494809,9120059,0.0481246260447346,-0.7253135036303543
0,100001.0,250,598,-0.06307435180897615,-0.2493791326385077,0.030747742060468163,0.08096935147497478,0.2717380514740208,-0.12807545715502924,0.2786786885999501,0.0321139107119723,9120060,0.04331560111413395,-0.4242471882573193
0,100001.0,250,654,0.3078944224062635,0.18549728051486108,0.015549053622752784,0.3319377577053318,-0.054550144402453316,0.05240987487593552,0.3124690795780925,0.030436693832705832,9120061,0.037508947487571664,-0.06143424178787616
0,100001.0,250,504,0.006915840949770735,-0.2857717570282479,0.04701500773000257,0.4408292975242613,0.3562031929735026,0.9577976607030602,0.11768066823279953,0.03560575514574912,9120062,0.0428791652713512,-0.3686364841877753
0,100001.0,250,692,0.2425279762012147,0.2780755638940671,-0.00889344714190417,0.1840838697530815,-0.20556281073929766,-0.2597748382140771,-0.040461892957848716,0.03694839979098025,9120063,0.041281474158456566,-0.3053901217119378
0,100001.0,250,626,0.6059050870039608,0.7069541323926047,-0.024256389188564775,0.2295371984630997,-0.5288583337013364,-0.5967887775633726,0.2555677567286356,0.03181601733875348,9120064,0.03925818984211743,-0.18962799325678334
0,100001.0,250,558,-0.25672174805306863,-0.2675527274327039,0.005179420151543218,-0.13956393853581198,0.18476855622380534,0.1887784764969071,0.009090424812706395,0.037361950746239,9120065,0.04222909935360121,-0.3438694425447877
0,100001.0,250,703,-0.07311945449895671,0.1406343588889015,-0.033278240445011986,0.0151449829454029,-0.21467607507908595,-0.3588737389604649,-0.011382837053133022,0.038378377355252576,9120066,0.04507820461424053,-0.3798852738242184
0,100001.0,250,598,0.15184477989452697,-0.07804153346028936,0.034880414021102826,0.3960528621834007,0.18200881423331675,0.8909398722748569,0.20296758897184364,0.03275654241029302,9120067,0.03858984324394353,-0.10308068208151436
0,100001.0,250,641,0.362755753039714,0.5162597600885052,-0.029427085509266114,0.1329491905469883,-0.4312283765887944,-0.596559627187693,0.1660846984296012,0.034301899280245865,9120068,0.04258689015781904,-0.3256564081675283
0,100001.0,250,639,0.4203282283308912,0.3994035811308816,-0.0022169392155301144,0.28300974721788785,-0.25465706978839897,0.15675649443640602,-0.21715999898455898,0.040005876839201863,9120069,0.043235254155884,-0.4017068912762004
0,100001.0,250,706,0.4593333428213839,0.3641569538247949,0.009196825794487164,0.32985168817355426,-0.18902017193931897,0.19646295108814296,0.2445530299951903,0.03226354254002705,9120070,0.03816298569504945,-0.04000280687943759
0,100001.0,250,622,-0.19035024471487672,0.20135779839513568,-0.060317709673286216,-0.34092801958482377,-0.3557810285134491,-0.5498939462172897,0.16594463344451313,0.035562280704138464,9120071,0.044451921782154825,-0.3883722944607725
0,100001.0,250,686,-0.36625794875884654,0.13146843012585085,-0.07492271030240052,-0.6810993354662223,-0.3691460565539575,0.29324630795047146,-0.11878105384207165,0.03864190607127471,9120072,0.04802013898564436,-0.6570300573204342
0,100001.0,250,703,0.02113200821030456,-0.06977540438254654,0.014284172448393641,0.20337256556608704,0.09794519822540483,0.07503517018703004,0.18876913654402447,0.033999431512126616,9120073,0.03731486010783961,-0.06907645780096577
0,100001.0,250,656,0.06770573149381101,-0.1839594730739918,0.03945321173937196,0.362531182667087,0.2650108221094018,0.7979915530145006,0.014783999470785413,0.03632879722964151,9120074,0.042197956652061185,-0.35541723004541986
0,100001.0,250,605,-0.3078733629347539,-0.4213278953388253,0.02230811057869164,-0.1801152937254027,0.3453193457129281,0.3724122809264485,0.020111091291627248,0.03710127630172947,9120075,0.04613104369941565,-0.6169256971616488
0,100001.0,250,541,0.1251288965365531,0.4363720277861354,-0.05171831897715424,0.17152124575108266,-0.4672389361833352,-0.3755778436743154,0.24786064699495516,0.035087738168481576,9120076,0.044173005385597715,-0.3464098138336021
0,100001.0,250,721,0.4586478340967708,0.5522063961851311,-0.021014267431805574,0.2064210939324201,-0.4211346806583313,0.20671630560831647,-0.007895244227188238,0.03790939585208945,9120077,0.04203659395647105,-0.2564894797793013
0,100001.0,250,572,0.5094909008467742,0.5568691779806171,-0.014421989471244557,0.40381559568848335,-0.3985467231525825,-0.5244966017634219,-0.03709320759316676,0.03687594119327913,9120078,0.043333141651530405,-0.4753603657902498
0,100001.0,250,617,-0.5164459041461635,-0.5294256122393433,0.008947434948133758,-1.004351189911055,0.3606408304722914,1.3849841646171561,-0.11966630928719005,0.03524107141576665,9120079,0.045165000748374026,-0.7423429830488787
0,100001.0,250,603,0.3003295353267191,0.12171883923101084,0.02467002160584966,0.6243958352756581,0.01970810766201954,-0.34239903158614826,0.051940826137872834,0.03772956808945123,9120080,0.04122237913647568,-0.2743655876784589
0,100001.0,250,590,0.6691435065868766,0.1474910629000819,0.07483213727386738,1.166263393017274,0.1963420188895942,-0.21656892146646176,0.3506804194162059,0.031761752236979066,9120081,0.03551120126529923,0.11315699807428747
0,100001.0,250,639,-0.09362060730898246,-0.4916464674985115,0.06507822953133535,0.4249657132662324,0.5530437903348063,0.4847303714544293,0.16904051198404996,0.034785005123131825,9120082,0.039877210656137634,-0.17823690582918209
0,100001.0,250,721,-0.04502489221220128,0.02322917234493851,-0.010338272189336618,-0.09070874848084293,-0.05409440131780697,0.07448322436994258,0.4257311841672977,0.031499560162599416,9120083,0.035838015358595064,0.03513006882573656
0,100001.0,250,581,0.08914362556068396,-0.2240153439047757,0.04910162143149601,0.4797407210433154,0.32650046361695595,0.2872048028018725,0.6025434674917893,0.02988060169529492,9120084,0.03572886331006747,0.19232988634682208
0,100001.0,250,555,-0.402506759613912,0.6394300870260485,-0.16204995326198587,-0.6298458172376827,-1.0156062813274969,-0.2734198024033898,-0.1289548551961389,0.03874041119867253,9120085,0.05225970402477414,-0.7758133785782789
0,100001.0,250,684,0.4544946952629246,0.6103983548692723,-0.03098027853618038,0.3129613799251853,-0.4952845678958671,-0.5885268005899937,0.14709406270500489,0.03668076192017486,9120086,0.04196425839522785,-0.23793294856175465
0,100001.0,250,680,-0.3911729042156392,-0.17563860522531247,-0.02937664542981446,-0.2627869960846625,-0.0047278168510695075,-1.0781325717850545,-0.30720044464799706,0.041370191467354385,9120087,0.0475854246928208,-0.543574441259586
0,100001.0,250,523,-0.10389835071859194,-0.36260637140747065,0.04301348927149574,0.2784434803647209,0.3883247340807068,0.5918130681814278,-0.005690472214866726,0.03648115822578412,9120088,0.04420180722891568,-0.5177404125716324
0,100001.0,250,697,-0.12644148326597124,0.2484746803776717,-0.058397880407504425,-0.2287072481853032,-0.3777384963283468,0.10257665243062704,0.06323864220782006,0.03654905426054324,9120089,0.03995526876877421,-0.12123191209118768
0,100001.0,250,615,0.3165021554858365,-0.2929797006451868,0.0935935211006358,1.2582440297648976,0.5400120966207487,-0.3966873354971839,0.1380292888967383,0.033639730060354686,9120090,0.03977264548582075,-0.36850081708993415
0,100001.0,250,577,-0.5878716684645774,0.2930980222715085,-0.13364004655821368,-0.9569327187515628,-0.6934614906371585,-0.05212031240593872,-0.355926975759003,0.044304921715461784,9120091,0.05105291432208499,-0.7326946664862739
0,100001.0,250,551,0.019172774190220773,-0.2055936001065589,0.035867900024138324,0.3190857407154404,0.2642640948152968,-0.08005406973587002,0.4726271745286666,0.031380754053703906,9120092,0.040297516862717535,-0.2246087011476131
0,100001.0,250,663,0.6332360883253645,0.6294059899403145,-0.007760057783408138,0.29735175901651906,-0.4177007658869821,-1.0254864827850103,0.5686399984326689,0.02829483112040937,9120093,0.03776476472411875,-0.04452139953954753
0,100001.0,250,584,0.27820720353706896,-0.14226198597948336,0.06380707373717784,0.9543578270539872,0.3325662583467483,-0.3823222275294933,0.2562456155118197,0.03505226338290341,9120094,0.0413393038119448,-0.1867219001639544
0,100001.0,250,677,0.29613214002521643,0.2585612340703479,0.0021107721823047285,-0.009269149636422344,-0.15121895332148586,-0.8438033605507544,0.0947437749526455,0.03490834084637871,9120095,0.03714289655635687,-0.02438840595909636
0,100001.0,250,582,0.34356979875856625,-0.13628418211278734,0.07247346920226283,1.394798662806538,0.3621305664906629,0.05236404766204356,0.2977544348493473,0.03359963986980683,9120096,0.0385351691018305,-0.12328416509286408
0,100001.0,250,607,-0.7066343402688537,-0.3073614891588559,-0.05467744423699452,-0.7204567647718879,-0.02053297839680981,0.9256706674293516,-0.4934630019455134,0.04614046811520858,9120097,0.053828216090167136,-0.8456107958225567
0,100001.0,250,650,0.3641807559693331,0.10262319653892063,0.037117594786834865,0.2772322938926126,0.07940977772483176,-0.13325296150757138,0.030825927378287262,0.036641413323545036,9120098,0.04119267768749417,-0.2872221322759607
0,100001.0,250,604,-0.1515310349758219,-0.1378808739959822,-0.0001735643923687505,-0.127435959207395,0.08430875163315109,0.40972278721714295,-0.3171469400869777,0.044208895745260934,9120099,0.05356031238269872,-0.874556344862272
0,100001.0,250,557,-0.4501292127144811,-0.6213749269769779,0.03354917457237803,-0.4513810583946867,0.5116527669304882,0.36555942377399614,-0.09254427498819116,0.036639404743799904,9120100,0.04469083597282697,-0.4900950347545965
0,100001.0,250,669,0.2709074042067656,0.491884444744202,-0.039000468998849465,0.09409261481020606,-0.4530607991121538,-0.6170504458515667,0.13942065013676455,0.033953880036274135,9120101,0.041102196805655834,-0.28215369059077805
0,100001.0,250,580,0.21158076369426795,0.0903107219855035,0.01665032468119831,0.19420848937322727,0.00823723496455459,0.5228489028328784,-0.15716214839195536,0.037462124483597474,9120102,0.044319631277477116,-0.5052302797669104
0,100001.0,250,551,-0.6532932129538951,0.4590592935430349,-0.1700196850976938,-0.7077905188345902,-0.9349367165474408,-0.2527428665196326,-0.2973778434514462,0.04247189208180125,9120103,0.056083283164282696,-1.0001496259328564
0,100001.0,250,614,0.06982108288529029,0.12185546733298905,-0.00927838509496843,-0.02376830300561551,-0.11073138348956256,0.10408682906314252,-0.0716365070640705,0.0363640943703128,9120104,0.044218373056305424,-0.5177516901639571
0,100001.0,250,593,-0.1480373038100837,-0.21797995672488368,0.013202795600688084,0.16339740545977294,0.1850240255043031,-0.5523785761140968,0.23989475705331464,0.034008609725581174,9120105,0.03924510813456687,-0.061710013932121076
0,100001.0,250,663,0.35143093325265845,-0.0003651022913262375,0.05174802614844325,0.5521166980108078,0.19915301796167365,-0.4793497767239472,0.3299783437362315,0.03135972271780063,9120106,0.03880545424407871,-0.11252223988357694
0,100001.0,250,635,0.3036586257344423,0.23380562730229584,0.00717636868091142,0.2168966117989838,-0.11651446070742087,-0.12261437217596008,-0.08033924406660785,0.03712696780880023,9120107,0.041644458016397386,-0.2751345302459096
0,100001.0,250,634,0.3586889081462259,0.13928041276104966,0.03043492226233712,0.40527510940158223,0.031098605880054694,-0.6888161988485485,0.2517831981266369,0.03349543234046181,9120108,0.04177842572372522,-0.2388808517116359
0,100001.0,250,644,-0.30997353625876783,-0.549688555793124,0.04254999778038116,0.07681768141050706,0.5022634284262618,0.1017140847744114,0.2404651682979737,0.032812636913663616,9120109,0.03901299447439127,-0.13000040387346
0,100001.0,250,751,0.8056793900899213,0.6563747967260612,0.013330578239729251,0.43469085471900704,-0.3531352257459397,-0.6628820402890473,0.3291967903837211,0.03176149064758713,9120110,0.035875869584217415,0.0754856177287882
0,100001.0,250,647,0.5190100463075203,0.020137467272377325,0.0731228595613012,0.8133305077959966,0.2686033128537779,0.23401283011889165,0.5457158958742816,0.029733157003219306,9120111,0.037080550672652125,0.008172933484886066
0,100001.0,250,563,-0.297464341716635,-0.25725401853842456,-0.002478703452884796,-0.2497726271175147,0.14904563254190276,0.05798463139341978,0.4017433190609852,0.030511149656993745,9120112,0.042449430128616496,-0.3359316328398088
0,100001.0,250,487,-0.2359870963222496,-0.4746361367772845,0.04163157726678752,-0.143958746303596,0.4519250193236615,1.021618752024501,0.15336074527293966,0.03385072185167693,9120113,0.04334589409531533,-0.5338780939456316
0,100001.0,250,603,-0.05294571250877567,-0.0033193726404839416,-0.00726058029897904,-0.02396298554043235,-0.0258319560916133,0.3208272742507359,0.10022067487984447,0.03761050877592683,9120114,0.04288472262120007,-0.2087452277005429
0,100001.0,250,631,0.04053770393672337,-0.03351704351183884,0.011341229484126652,-0.01348371904504146,0.06422671969453214,0.4398481535776341,-0.2362505251188004,0.04172027917495222,9120115,0.041064851902673234,-0.28013519924189884
0,100001.0,250,642,0.5523462799786694,-0.0044094210206483825,0.08196832966281474,1.4659064926261691,0.3176938764484664,-0.3927593320323083,0.11432794667167308,0.034586100362178025,9120116,0.04317094437204862,-0.3805755813656885
0,100001.0,250,645,0.08696535448991753,0.013737678568455135,0.01059083607607765,0.15845646648785738,0.032233341151131065,0.008094039168319191,0.3672723148609799,0.03237385632756591,9120117,0.03694434345080636,0.08674838055633421
0,100001.0,250,632,0.016129704237317275,-0.2748553668195937,0.04646214756181634,0.16165277406435968,0.3478887505985653,0.07249271969488245,0.13518513340182692,0.03529318333874605,9120118,0.03913705898864273,-0.2095778957535821
0,100001.0,250,553,-0.3736762873960081,0.021056745435795783,-0.05842962813157392,-0.3888666847810442,-0.2370579828034892,0.012192720279377293,-0.0009822297432195612,0.0371584704215386,9120119,0.05080312288580848,-0.8341622604804723
0,100001.0,250,448,-0.36232469418661256,-0.5585844625657024,0.03660357461216464,-0.11274345136354695,0.4842612715553264,0.575133675594255,0.17731837747068627,0.03533550779751203,9120120,0.04624204012078089,-0.5132716025190761
0,100001.0,250,536,-0.2356012944025323,-0.2990212529815743,0.013363868321616998,-0.2037860587290826,0.23553260613708535,0.9988878623670772,-0.5019896605916196,0.04612649348695512,9120121,0.045990915399532616,-0.5078265664315009
0,100001.0,250,682,0.19707943551120893,0.10990654846385717,0.011368263230773636,0.08628894405906451,-0.024012069977718903,0.061741339230694726,0.15494404008982512,0.034484356233023934,9120122,0.044746201971026564,-0.5897344514012728
0,100001.0,250,632,0.15030056575275966,0.019968355438633158,0.018911923177327587,0.3215651442518538,0.060351985019419865,-0.16865630344910618,0.22172547249214225,0.033704231501873703,9120123,0.03806113996553173,-0.10382007513257344
0,100001.0,250,576,-0.2587441601710852,0.12649486332230214,-0.05841815946977508,-0.5072075153774219,-0.3021251351842031,0.5481208971072312,-0.02780777653599718,0.03643329076675361,9120124,0.04530146039501433,-0.5034630733241146
0,100001.0,250,556,-0.5973398301631659,-0.546013968381125,-0.00024396313177004435,-0.4021834632200469,0.33559423468510496,-0.17585369539784784,0.03018040825070535,0.037034299859795394,9120125,0.04103160123543278,-0.32900691884471844
0,100001.0,250,611,-0.285879774011427,-0.25546244550696706,-0.0010786781467829278,-0.17396670990491067,0.15329608996650074,0.3692972869388383,-0.046983695156032984,0.037001253537548635,9120126,0.04669663373357606,-0.7666321207578743
0,100001.0,250,639,0.3008600016834264,0.16477797661012422,0.01783642462559646,0.5680862140919357,-0.033011611817420926,-0.7377177156127478,0.13883863769798294,0.035158478801961414,9120127,0.040237663863607206,-0.17167647595893992
0,100001.0,250,560,-0.003452540679308521,0.14345074917754866,-0.02355861847055505,-0.03923452299899935,-0.17877810523648666,-0.4348030732396665,-0.09401239476096188,0.03995207641158336,9120128,0.04727098465331287,-0.5870815211525853
0,100001.0,250,651,0.24871259329266854,-0.11686625719554902,0.055325474738815474,0.7379254078799582,0.2846529517089957,0.2719340205978705,0.018186085497771943,0.035937931248134214,9120129,0.04306269804166017,-0.4067290934305138
0,100001.0,250,643,0.39884169553847904,0.2355701288957187,0.020898295923117,0.370523382980132,-0.06486638415036486,-0.6340633161892035,0.3415507835414042,0.03256499615209394,9120130,0.04018209410747306,-0.2207012292324172
0,100001.0,250,728,-0.3465570035264845,0.1462500900008085,-0.07435580721635217,-0.4844959959852576,-0.3762621923433093,-0.4539685720061964,-0.032004137488600946,0.037131357579031285,9120131,0.044442134630043054,-0.4568953486775718
0,100001.0,250,648,0.5706520472511143,0.3644206045040765,0.02551165806703471,0.5293202716809866,-0.12653342325142958,-0.15342615099587786,0.3015834250154597,0.03193703155394292,9120132,0.03759896555179942,-0.09281794720685388
0,100001.0,250,625,0.3936580813266177,-0.03216286064379648,0.0630874197671419,0.5908958511720799,0.26216332217469723,-0.5317831357414617,0.2595322853418263,0.03194451485230308,9120133,0.038745288149637666,-0.1567834225013132
0,100001.0,250,592,0.3225938278431497,0.4943292913848362,-0.031873851882633544,0.1039780695488025,-0.42701025317503816,-0.3550453566376071,-0.3967863453728456,0.04149924664139175,9120134,0.050485814224640484,-0.7011116444534816
0,100001.0,250,576,-0.07465708374722066,-0.4881691184061832,0.06741413259255037,0.4981270280236417,0.5595517017819027,0.4159179159593889,0.4237795959318189,0.03117499868050455,9120135,0.04334709893567714,-0.3899024021735102
0,100001.0,250,593,0.08329546523355554,0.037912482090903615,0.006175682442369465,0.13011543484658455,0.0003412385778417752,-0.19916156515528666,0.25699589448602805,0.03326155608459698,9120136,0.0386429059716244,-0.08866565914710182
0,100001.0,250,546,-0.2967525322152424,-0.7150455000280844,0.0712207303908905,0.17518203170233626,0.7138022429330932,0.7842153325656779,0.5251232493676384,0.030361864062644326,9120137,0.03680826181797809,0.006738815922115958
0,100001.0,250,742,0.4486627419511343,0.28126237098344925,0.02090944049914948,0.5030128201712096,-0.09283074376754477,-0.967090621623905,0.1569447275922354,0.034410899411599916,9120138,0.039381504075594514,-0.09885351651716977
0,100001.0,250,584,-0.00838815729640176,0.041290256511637764,-0.007865577671723538,0.09058323587882944,-0.055635393997929015,-0.3823222275294931,0.3942402214358893,0.03163390017770413,9120139,0.043490737142116855,-0.35705103996066073
0,100001.0,250,518,-0.010834712814346788,-0.3963069066905273,0.062160351177828664,0.4811634314278495,0.4824332667812766,0.4072577602992905,0.36910206270252094,0.03109935151042144,9120140,0.0417963272885265,-0.4090214391564039
0,100001.0,250,617,-0.3151434289059231,-0.4053685801984175,0.01866644712775689,-0.1957672251296259,0.3215147511820325,-0.4672735451229853,-0.2917107557102228,0.04033378700623666,9120141,0.04689136156101862,-0.6411821907395049
0,100001.0,250,555,-0.6964853409893983,0.29242342475392924,-0.1495883173089569,-1.2244933711457937,-0.7539387485676171,0.3438165636763389,-0.3072697737781068,0.04318009364647527,9120142,0.04990668318435031,-0.6972701034634614
0,100001.0,250,671,0.1874470472159025,0.4144859763836206,-0.038867230492173915,0.10196271229123688,-0.4048569807218232,-0.5393244956905212,0.3037592227146964,0.03313937429572216,9120143,0.04127278871416715,-0.13467130082393422
0,100001.0,250,611,-1.0269017720924989,-0.6179224519525085,-0.05197377315003502,-0.9673752761786923,0.18122585543881256,0.6810154805312036,-0.19424259245109027,0.03935648508010533,9120144,0.050289869154035514,-0.7552024354537711
0,100001.0,250,555,-0.10963430106135123,0.3833091274952625,-0.07774906654936768,-0.5542791744725734,-0.5344348588724199,-0.5134561669899497,-0.14608073245840708,0.03801750781929561,9120145,0.047160860484638516,-0.6038998479010897
0,100001.0,250,584,-0.0620338565469802,-0.07467538524534276,0.0028580229287553612,0.085738223166118,0.05699230105326983,-0.4801269597913416,0.12568723734644402,0.03584117017295707,9120146,0.043060738197990535,-0.3593782124362888
0,100001.0,250,590,-0.34029571527777064,-0.28402750062052595,-0.0044958877453815105,-0.18037944287063976,0.15779065418262553,-0.1842962886392149,0.08258976334106373,0.035904983570646185,9120147,0.044365732725623885,-0.4748941965109399
0,100001.0,250,751,-0.07149468811745831,0.2868852523171586,-0.05642713767773725,-0.41766825559239495,-0.393996456897134,0.20060516396216865,-0.09951958293237743,0.0364870955661667,9120148,0.041851727992239005,-0.3115276554107685
0,100001.0,250,608,0.12204038386165995,-0.051756832078419066,0.026269116882533042,0.1725158963591433,0.13277086111307593,0.4491583020853392,0.008155470182907836,0.03713795963826418,9120149,0.04386145564023273,-0.3635215929462113
0,100001.0,250,569,0.07642695396980241,0.07047377030711965,-6.584861164540269e-05,0.20562812403946548,-0.04368747974946786,-0.042431906430974914,0.3717581246727655,0.03218911732221395,9120150,0.04056772997697992,-0.1983815158204385
0,100001.0,250,651,0.2473537076790932,0.1752817872653997,0.008281141716129165,0.16258235238679195,-0.07619143757964797,0.5353650465513772,0.1698334237331392,0.034257662369909736,9120151,0.04113606105961247,-0.2832039192958043
0,100001.0,250,612,-0.12599718157671802,0.1199135993017552,-0.03778735768977808,-0.26467420901421423,-0.2190173329037387,0.3635971364686096,0.15210432050193848,0.03503128235930412,9120152,0.04623938174757057,-0.5056140081997885
0,100001.0,250,624,-0.09703390886244184,-0.4640432142223373,0.060169844305096865,0.4014539351724057,0.5171092509845191,-0.16129848810475547,0.0505647165153512,0.03563482984484094,9120153,0.037387263857964266,-0.11013006371822784
0,100001.0,250,741,0.2910270451981053,0.32972774745449435,-0.010016281460917369,0.1191992422332108,-0.24173005376771145,-0.14057607022280988,0.05043338894852668,0.03508182197835618,9120154,0.04185238483722743,-0.36519903783748464
0,100001.0,250,627,0.8155024119754073,0.8118489125959848,-0.010240988862790248,0.5493436390217553,-0.5396631550078973,-0.7527352973679111,0.18270033660811744,0.03463220126162215,9120155,0.04378410114576836,-0.3574277345718849
0,100001.0,250,561,-0.13201098675716316,-0.4269431641067121,0.049156921423837936,0.3092349235187135,0.451696821364191,0.8835644079937294,-0.048643346506208204,0.03858319101597127,9120156,0.044416565693514105,-0.4267819864837576
0,100001.0,250,709,-0.1958620412159192,-0.2080489709791018,0.004530550651849572,0.0192285240027075,0.14563289026366005,0.12863070683561845,0.09482908734802753,0.03653550250805148,9120157,0.04315733325548142,-0.2680252600718065
0,100001.0,250,608,0.1362257086954866,-0.08117633848719136,0.03307858628080779,0.2724668614699337,0.17705024387013896,-0.23997977382545416,0.4846486046985277,0.029735518817319537,9120158,0.037289283435157264,0.05362216422047317
0,100001.0,250,627,0.319554046164626,0.5726780522964856,-0.04484989492623642,0.07144401541394632,-0.5252191340526767,0.037202792301043834,0.16039718908954692,0.03673452046131108,9120159,0.04259526585605095,-0.2928899729631049
0,100001.0,250,584,-1.0243905243940208,0.08210632089815198,-0.1640121459343927,-1.2759014394332815,-0.6800738201992083,-0.44752538237072575,-0.41764025118268144,0.04546100969485513,9120160,0.0565800066625951,-0.95442843807958
0,100001.0,250,604,0.056651111016765975,-0.20383963615927847,0.04105632897216431,0.5811599910188796,0.2832681846460645,0.1574802524388184,0.10552869419278736,0.034617024518789515,9120161,0.04226129191355119,-0.33200767068776355
0,100001.0,250,750,0.5742364258207335,0.5764021744916796,-0.007879635935051131,0.035074380892655056,-0.3855069653309034,-0.481579624957989,-0.07471005210026782,0.03674207396884537,9120162,0.04108892877010891,-0.3222626324502039
0,100001.0,250,624,0.043774793173513585,0.001725422543939109,0.006164804651612398,0.06885552341573542,0.02261747358931877,-0.37498902734164796,-0.054148452007010586,0.037636467137000716,9120163,0.04227294192378252,-0.2755751641412377
0,100001.0,250,697,0.11073587991748736,0.4190413547641113,-0.050852275592465516,-0.1049217664192903,-0.4538222471565416,-0.4717986912525923,0.3079966109295497,0.03224946155590104,9120164,0.04255486625964863,-0.3181527287100131
0,100001.0,250,566,-0.19321253352679404,-0.20780216767635493,0.004929199331831354,-0.1504711808975271,0.14698445266850038,0.1420320748193886,-0.009894755822216305,0.037344259404827634,9120165,0.04533067218079232,-0.5439728747499786
0,100001.0,250,741,0.1872766858961245,0.19774065610655375,-0.0041337729025571505,0.09099620944075944,-0.13775813295170847,-0.5266351684790496,-0.04374951969773731,0.03810596771456568,9120166,0.04208958529972421,-0.3267002594302709
0,100001.0,250,638,0.06838368883615936,0.2239799014305768,-0.0258624190787788,-0.2321733573915167,-0.23740405498682546,0.13203311205276716,-0.15100451858548736,0.038372333613870664,9120167,0.04277766804924619,-0.3244332077680798
0,100001.0,250,642,-0.8503551623397719,-0.07919561337046332,-0.11240331265234048,-1.3783090035902898,-0.383122504233942,-0.12566196694707865,-0.2864796865165307,0.040339307143685166,9120168,0.04420681591660856,-0.4744852786423541
0,100001.0,250,629,0.1397633228098408,-0.21574187908700684,0.05517416394792887,0.5575892544268954,0.3449174347422155,0.02715652201227929,0.26687996915942963,0.032530615442156574,9120169,0.04250837661496424,-0.4097340694059939
0,100001.0,250,690,-0.2047891052477771,0.11938672390651248,-0.04924090337500942,-0.3482384918512565,-0.2629485190391501,0.10768287826757884,0.0135573169831984,0.03720413083267727,9120170,0.04254606082112461,-0.2710196166435573
0,100001.0,250,601,0.08291585046971743,-0.11376835688692125,0.030467060878857512,0.2494010407014893,0.1870910564333908,0.4907070491739647,0.2577781993177396,0.03295084604808413,9120171,0.03876334832417228,-0.09584659844161172
0,100001.0,250,605,-0.25290389124520635,-0.5143078991524385,0.04532272802268378,0.1237194546516224,0.4909928919278924,0.4983266764472878,0.09917830072005893,0.034123752500531346,9120172,0.04308659101432879,-0.4133927249692196
0,100001.0,250,574,-0.0739382432817276,-0.3884184849559499,0.05150130116209292,0.4957667407628844,0.4370035243042175,0.0965782251478418,0.313469840442665,0.032423369045612445,9120173,0.03924420721634391,-0.15939493404971644
0,100001.0,250,619,0.4066451382795851,0.4951464034292053,-0.01960417953146747,0.1512983011138768,-0.38044719821458345,-0.5374070323456304,0.07621392958792643,0.03648597761290705,9120174,0.038552577976109635,-0.14262291809377425
0,100001.0,250,567,0.5035036972850888,0.04756071257266485,0.0665125092765303,1.0471891373996598,0.2258550625573449,0.20342294350807286,0.3239001487013319,0.0337218047818514,9120175,0.04440599641969635,-0.3496838760932843
0,100001.0,250,615,0.12104060242199847,-0.3573176992539545,0.07515129792919746,0.5479656437960637,0.5088338433674711,0.3775776718222431,0.29241826869696425,0.033548455281226776,9120176,0.038511598398417286,-0.16551831900613168
0,100001.0,250,568,-0.09292393555477987,0.3446036365986784,-0.0690453145655846,-0.3246918556946713,-0.47728008334601996,0.3316243315057099,-0.03582727192052644,0.03804168286047415,9120177,0.04228220181234275,-0.3904594212566427
0,100001.0,250,708,0.3542761692258459,0.3916639629130964,-0.010653129261616507,0.02721368822375189,-0.28233354760876195,-0.6746458831628468,0.3159531794883221,0.03148385136471181,9120178,0.04066868647610974,-0.1904868829082036
0,100001.0,250,583,0.5307866758767434,0.3442485189449005,0.022870064561484344,1.0212431928365122,-0.12439270156885747,-0.08370630004084299,0.24660253879426594,0.03243790100981172,9120179,0.04152276832551667,-0.2922541986690384
0,100001.0,250,655,-0.5914021801131508,-0.10911446846221354,-0.06949879774680533,-0.6093884557603881,-0.19988372002804974,0.36758058156731976,-0.1688320399225737,0.04015038457123175,9120180,0.04492770583313471,-0.4394162346301344
0,100001.0,250,610,0.23610104054966236,0.6014077686661996,-0.061767127492855824,-0.006543568390944415,-0.607837382561663,-0.5616600155714042,0.006167846424076214,0.03684634980823187,9120181,0.044079374413716364,-0.3658274588669975
0,100001.0,250,579,0.6456399124245453,0.2519491297647654,0.05460468773454441,0.7122280200155945,0.054265132618967996,-0.5230532320999903,0.3763784255304644,0.03236642807790301,9120182,0.03658045133006787,0.07386216131460782
0,100001.0,250,525,-0.4569459466407812,0.09720655171767324,-0.08297994920845138,-0.6105535977494887,-0.3779042430604032,0.32406774628156665,0.1843284166891964,0.03419717579997412,9120183,0.047798985082738485,-0.5683106081569067
0,100001.0,250,575,-0.16282232565173796,-0.4255188646862068,0.04437020692490415,0.0955916415996666,0.43251063231078657,-0.1738773933247637,0.18425190756918772,0.033367340329058144,9120184,0.042135023176893285,-0.3030289284615845
0,100001.0,250,567,0.6769688729289852,0.5666641799306501,0.008663928010777006,0.5288885030006346,-0.31601298556907864,-0.6358542243497778,0.2153064972464275,0.03381747328296236,9120185,0.0391471007369135,-0.18438391348494168
0,100001.0,250,735,0.14505672674293704,0.4464932465893523,-0.050167298769277134,-0.2730354006687234,-0.4682073552911057,0.2211001134362545,-0.07829562841794445,0.037365818317444816,9120186,0.04116098143807802,-0.2956969278785824
0,100001.0,250,634,0.6363747010446853,0.5367998894342347,0.007529751135473276,0.5912308658953354,-0.30188354712208193,0.33285767159753193,0.31012454149205904,0.034001560041202486,9120187,0.042952598130894616,-0.23114600365245985
0,100001.0,250,662,-0.03891652837999268,-0.13944715083715892,0.01663078357202791,0.12468592199259546,0.14986439001876692,-0.5041372767821528,0.04669114917843991,0.03511138331414144,9120188,0.04244905443810462,-0.3489646045128295
0,100001.0,250,508,-0.24872786232999625,-0.2435141448042765,0.0025192905128352287,-0.3737925732170389,0.15974973687872968,0.5888675243695665,-0.10545864904301874,0.035000615764531666,9120189,0.04713108417018752,-0.6301518741135337
0,100001.0,250,645,-0.02183837572677985,-0.29926973002346197,0.044779415435730316,0.3054768187553645,0.3565102152536483,-0.11006772297385374,0.2644981870442902,0.03272546893857264,9120190,0.038895889848085737,-0.0973064435015207
0,100001.0,250,538,-0.3127542244101743,-0.3099828098490332,0.0037565422559823467,-0.3784222807068905,0.20546123402110128,0.09948362289579936,0.1286286835407746,0.03434236425410277,9120191,0.044463172683835234,-0.6268068586378129
0,100001.0,250,656,0.6982762503593325,0.6003675336144251,0.006456649040760722,0.4987088387555621,-0.3451607515952233,-0.8868268264604626,0.6203197351969071,0.02819140857087976,9120192,0.03595815204168363,0.164798211180986
0,100001.0,250,635,-0.3306271125910659,-0.052237432189586465,-0.040267370526121164,-0.6607400075638055,-0.12252049138894645,1.4975073786022797,-0.2750960235282019,0.0375078944811504,9120193,0.048208792617277625,-0.9166903257383198
0,100001.0,250,577,-0.4097373425045181,-0.5847420842710235,0.033581948593984355,0.030674812077595287,0.4892521912713818,-0.2500838539369737,0.11937503744351137,0.03464174390622116,9120194,0.041792100056870465,-0.2593690659120133
0,100001.0,250,703,-0.18488759333171448,-0.489395445339096,0.05121473398432665,0.2657825557615848,0.4985875555488562,-0.033442057099843166,0.047193222309494166,0.03642247835342592,9120195,0.04148408669983825,-0.3327626305668293
0,100001.0,250,563,0.026195125410080657,0.7903408553189865,-0.12312600250969137,-0.44646370606576696,-0.9594254404861992,-0.07724595236732723,-0.03865621277567927,0.03774330239423535,9120196,0.04273278865194918,-0.4035922734801707
0,100001.0,250,623,0.33100992884185165,0.21006981528464516,0.015006704805213341,0.4352253687186868,-0.07181749152687307,0.7301562457300654,0.26041381015229553,0.034984262018204225,9120197,0.04219866323118039,-0.3102602510132547
0,100001.0,250,629,0.2281079678840372,0.1150561370420861,0.01510771268490895,0.2044227377103333,-0.012867034368840112,-0.18484785667658254,0.061841630964233986,0.03668084671360447,9120198,0.04159554747089455,-0.22215402350880373
0,100001.0,250,573,0.3019193158136821,-0.14373598110201172,0.06754889240134643,0.6323499637994838,0.3477696539285413,-0.13036563017903155,0.08925764470156337,0.035034409685842614,9120199,0.041620078328201165,-0.3635737753869768
0,100001.0,250,605,0.1976269181738175,0.03383356971384965,0.023658601577850116,0.2931734189584069,0.06999193061031411,-0.1627239000371207,0.13256893872912107,0.03561721859629844,9120200,0.037764294685007783,-0.18020962098045845
0,100001.0,250,661,-0.060247061045551185,-0.2633288826275018,0.033353613613189954,0.023232067541778072,0.2904883198955924,-0.4136776539403509,0.024294289690992482,0.036416466576190944,9120201,0.043011914575704815,-0.3770661500307677
0,100001.0,250,547,-0.3390847089555421,-0.4605797852077197,0.024078820346017743,0.025494215699745464,0.3762064583185064,0.011751247084808713,-0.129319365799293,0.040520629049382535,9120202,0.047898450845511434,-0.6379854489441211
0,100001.0,250,513,-0.21399106310365654,-0.11105738259331292,-0.013675622340858288,-0.2225151375408374,0.01606617385354614,0.8493801139998215,-0.19285825431327192,0.03959430384409239,9120203,0.05142348248110848,-0.7811584587352051
0,100001.0,250,604,0.3947807093537692,-0.04370383858324689,0.06512392471396576,0.7296220120476921,0.2769891906089757,-0.18935323288137929,0.27317369906981404,0.03481487239279701,9120204,0.039649339867582574,-0.1899944101448408
0,100001.0,250,591,0.1214420847390869,-0.3582775016751785,0.07540246110573237,0.6134948509654977,0.5102459693167689,-0.028175753021727444,0.2454852336074781,0.030970948076362043,9120205,0.04007361462527749,-0.23134075076879576
0,100001.0,250,709,0.1433321515367342,-0.010005667871692542,0.022673837403015845,0.2618186607152025,0.093395467043386,-0.4091954171914402,0.09119666405725352,0.03605722631519722,9120206,0.039738896422427256,-0.13791371447624418
0,100001.0,250,618,0.3924275987038324,0.10606166654193848,0.040733521652568994,0.29475750204692497,0.09108610276351783,0.2681379595050221,0.09787957786261592,0.035776690772589666,9120207,0.044317053158872036,-0.3217219161219617
0,100001.0,250,701,-0.318418310216396,-0.309680868422388,0.002795363578184337,-0.18586595602494926,0.20158479142214533,-0.051817217925120215,0.1305695051356453,0.03502544191457623,9120208,0.04017973904137545,-0.20278962379402315
0,100001.0,250,546,0.008890303236782244,-0.0160445791532732,0.003888852211154162,0.235466598896152,0.024800233314033342,-0.12192016781184847,0.5118510268236672,0.0298616254427326,9120209,0.036098021116724964,0.1452412775591385
0,100001.0,250,643,0.9121868039330314,0.5543424611487762,0.04529892270779464,0.9712916379353445,-0.16754862285967556,-0.33774669170512955,0.0290737827850367,0.035415317182709335,9120210,0.041609661559590005,-0.4537483659287599
0,100001.0,250,603,-0.08576380913862043,-0.24653323405750405,0.02694713028762029,0.06436822800794276,0.2554032134091841,0.13133404401162654,0.2799956767149474,0.033379333487235374,9120211,0.04177640352682077,-0.2426576525959584
0,100001.0,250,655,0.6995132167466318,0.2595220507225665,0.0612864134013237,1.0504040885220352,0.07562940047689708,-0.3888277553625128,0.454632582429857,0.03149505380032356,9120212,0.03687188465732647,0.11367099608586125
0,100001.0,250,635,0.10402627413460563,0.03452601514469765,0.009767803632247624,0.17383848953442674,0.016251948062469414,0.23741268355253825,0.3226195019096184,0.032367314043457614,9120213,0.03662969603004454,0.11418258936662876
0,100001.0,250,546,-0.3796993417264769,-0.6791269355492905,0.05322682941997876,0.09154972686536912,0.6226692067893631,-0.15677153321098414,0.22091406879663936,0.03534581709287698,9120214,0.040549824894501325,-0.1904613625775326
0,100001.0,250,520,-0.006256843243341796,0.025185731455362542,-0.004973819404549733,0.053827520642564984,-0.0345814407624791,0.3205567085046774,0.01624739031549853,0.03572448003767177,9120215,0.040983442217410376,-0.1979769050119628
0,100001.0,250,660,0.031339333747450175,-0.10883785612194874,0.022058142434736173,0.22394377908764865,0.15186183886607293,-0.06308185461066895,0.28606721879592056,0.03379826230919883,9120216,0.04003675018769207,-0.09635041612117123
0,100001.0,250,577,0.5192634210825477,0.6257199724117599,-0.024035584309746682,0.27432115213357633,-0.4778751710515301,0.013867534771071676,0.08997951142817583,0.035408133775798,9120217,0.04118703884039239,-0.2706791277764343
0,100001.0,250,577,-0.3306865517008029,-0.3258606468170882,0.0036429093440848133,-0.12433254013276633,0.2148130262612279,-0.05212031240593983,-0.034064473906661265,0.03816805104890681,9120218,0.042886951509032885,-0.3758670847888394
0,100001.0,250,631,0.4287523975018092,-0.019725952650362127,0.06625103759430685,0.926478969372486,0.2666819909854092,-0.19416387239152244,0.07996225697427517,0.03529978165546577,9120219,0.040591358352370925,-0.2913461393323682
0,100001.0,250,593,0.09271252219166293,0.5099654468564403,-0.06822532856073958,-0.09840664006329658,-0.5761931237110999,-0.07071901571571937,0.14186342227601292,0.03590861140414192,9120220,0.04337211113391587,-0.2834478631085255
0,100001.0,250,520,-0.4312205821664722,-0.2003984264504299,-0.031321516498247486,-0.4591164128342454,0.00351098341473951,0.3571351844535897,0.0361682871509202,0.03655337320959685,9120221,0.04691265060240963,-0.6046710035236329
0,100001.0,250,602,-0.3849087962724261,-0.241483127474332,-0.017896178010098848,-0.263794581821894,0.08011254177972665,-0.5592179121020272,-0.0973038620374444,0.039814875977197066,9120222,0.04798514333833026,-0.5678333520298259
0,100001.0,250,605,0.07867877451119101,-0.2629604574218733,0.05378681722353827,0.471823406293481,0.3685892045581056,0.057626292124348624,0.4515415455419374,0.02995892339519369,9120223,0.039970297481148234,-0.1906954377717647
0,100001.0,250,645,0.530643314979372,0.07392303912176873,0.06621073710146508,0.8831129357751383,0.2088841824214823,0.273958003988211,-0.08624445029344395,0.03686363170544479,9120224,0.04314388447088602,-0.4618651760743935
0,100001.0,250,645,0.6832314353398841,0.6950403134034354,-0.010946321345413908,0.5748010617349018,-0.470391521208279,-0.4940934499359198,0.1867441928337716,0.03467311915049737,9120225,0.04278856911970007,-0.3370832871310203
0,100001.0,250,457,-0.8516490290495379,-0.6853729788200704,-0.015196632944083424,-0.6878165986596843,0.3644008035560478,0.7935864726376416,-0.18424381253344552,0.04121030974898055,9120226,0.04679285268179123,-0.5207240476103228
0,100001.0,250,593,-0.5898580088738558,-0.08944248861362622,-0.0724770145154809,-0.6493400915518156,-0.22309678528973287,0.5714937314821168,-0.4050548771533379,0.0436086778877296,9120227,0.050454790298716114,-0.6827719158354901
0,100001.0,250,597,-0.2503328495132828,-0.504013778243552,0.044059885378864884,0.11116108935560506,0.4797735281735913,-0.15495702105644524,0.12425581357579195,0.03527317028094333,9120228,0.03782640810971566,-0.12753005816222324
0,100001.0,250,647,0.09863846645051584,0.38231717017553424,-0.0467967148223977,0.06522358822094836,-0.4154475988930869,-0.2371836270319132,-0.06275653115476415,0.037927802290756915,9120229,0.046441361231628314,-0.683372010824482
0,100001.0,250,691,0.2869529526574921,0.12106485465710973,0.022795191076847108,0.2093488086712592,0.013067520838982995,-0.6142586756199137,0.13947214361449675,0.0332635572193667,9120230,0.04173776519287595,-0.2078803314444657
0,100001.0,250,647,-0.2904023337164591,-0.5140179184053467,0.03970538396772228,-0.048968404489545606,0.469357221976851,-0.06048495560036087,0.151070633327362,0.03495824421231119,9120231,0.04035138555936561,-0.11954019899581582
0,100001.0,250,560,0.15700993605428767,0.25768447280580203,-0.01827933659040061,0.04690888765713412,-0.2289345212929677,-0.3328412785694106,0.09602580619853204,0.034818584683561825,9120232,0.040078465039744944,-0.2395786392728034
0,100001.0,250,542,-0.10551504543730404,-0.0702680090452366,-0.00424960921319951,0.11990066978865566,0.02701728802478727,-0.2753261607014244,0.06378181078732847,0.03626304555890677,9120233,0.04044597926758396,-0.2738145124322375
0,100001.0,250,611,0.2420181165379825,0.3230728641158029,-0.016227045616703985,0.04672162291199797,-0.2614219543467827,-0.3476545583236023,0.03947032201451085,0.035978758576652864,9120234,0.04066722297158272,-0.18800997262372288
0,100001.0,250,568,0.029291845825957993,-0.289207186272331,0.050774695232708035,0.3702503540619224,0.3730427477483719,-0.2045750811189063,0.3191573001059552,0.03400630662664388,9120235,0.040781913231674315,-0.1247960909452526
0,100001.0,250,602,0.6540041468925785,0.24084870341743786,0.05760821321861138,1.1317690137627436,0.07275315197817513,-0.5592179121020272,0.11608831886386185,0.03353045276402333,9120236,0.04060677772735935,-0.2401037329767969
0,100001.0,250,570,-0.17861078881521728,0.05549707408252722,-0.035218662459034406,-0.30784290324823865,-0.1693267898479785,-0.7825404157844588,0.20767239540024424,0.03309426393155478,9120237,0.04422899744590182,-0.41383900366847404
0,100001.0,250,661,0.28656620258087484,0.3700244127665099,-0.01716986970298865,0.15487107654408558,-0.294028568771007,-0.817303245862745,0.3424433023302112,0.032341207219003736,9120238,0.040151614164336435,-0.14769450722602429
0,100001.0,250,641,0.5389401272658993,0.3675519869304027,0.0203428339224524,0.5144590775108255,-0.1483399020365057,-0.4776658291305404,0.20757457075229765,0.03282928608100265,9120239,0.03905527421836279,-0.2667794245664155
0,100001.0,250,718,0.4177481721009095,0.10784968274691692,0.04413522039494439,0.5669562421692708,0.10336088297646033,-0.4963893839596508,0.16734791807470606,0.03351547249687652,9120240,0.042628312631879696,-0.3960439578377376
0,100001.0,250,571,0.3404906263723437,0.17436121242737754,0.02213369641071017,0.4849223996562193,-0.022541236653056605,-0.7199700089880329,0.25956170171085885,0.03315485305829411,9120241,0.038686196398497234,-0.11869410770789066
0,100001.0,250,690,0.44710976209311226,0.133844960753278,0.044296818480573055,0.7789827986731352,0.08788511088564167,-0.7211217240976875,0.2135976331649712,0.035967928575976936,9120242,0.039084722901484,-0.11360762428834205
0,100001.0,250,612,0.025682638334198614,0.031651291475139814,-0.0012994196091594323,0.03558665545539588,-0.02449649636483478,0.23911205704166064,0.18877936145693672,0.034598352806669966,9120243,0.0387821724369861,-0.13963676193152302
0,100001.0,250,578,0.2872429879584009,0.6611788836779066,-0.0638940516826335,0.03122509482329093,-0.6526840700470476,-0.6832384606964358,0.3558198106077386,0.03234812575777332,9120244,0.04447933395983658,-0.39568756463353416
0,100001.0,250,527,-0.2816103805500532,-0.7029123706207542,0.07155005673222138,0.015610918513061924,0.7074582430111234,0.4914992560884545,0.17674028218859547,0.033652523615394996,9120245,0.041525691127859934,-0.40785962825765787
0,100001.0,250,708,-0.11209413432455764,0.16852929867800825,-0.0434736098052074,-0.15112399719101732,-0.2710977473338045,-1.0785814785570391,-0.038943157528660816,0.03783743387790646,9120246,0.038831152760906214,-0.08146860724209995
0,100001.0,250,636,-0.059645937563714266,-0.1536626024295215,0.01587078643190399,0.08083086282479016,0.15567625271282726,0.4418198981805056,0.2185579076700145,0.03520703021143807,9120247,0.041633082464930464,-0.32190011545071945
0,100001.0,250,608,0.2805074202351711,0.3354269463836992,-0.012546784358770236,-1.0195732800005067e-05,-0.25490026847796154,0.8563762560326256,0.0460282992975767,0.036457281991180514,9120248,0.04334887938852184,-0.4391566674430438
0,100001.0,250,559,-0.8288865626104108,-0.17367963928880448,-0.09418148711923308,-0.7622825177242142,-0.2541999149509425,-0.22570814466241296,-0.1889703781048592,0.03926788748923592,9120249,0.05133288795070645,-0.7014262221647142
